[HIGHLIGHTING]
zoom=18
PointLon_0=38.1941554199109
PointLat_0=54.3995834914826
PointLon_1=38.2041868816266
PointLat_1=54.3995834914826
PointLon_2=38.2041868816266
PointLat_2=54.3955299193167
PointLon_3=38.1941554199109
PointLat_3=54.3955299193167

